-9015405925
-15206184748
6132457750
-8973596620
5340275873
-6358800451
12714744026
1985049685
-15411598232
-2562259982
5279169844
8659510406
5107543269
-15772148613
9037780794
-6147788611
5500226463
-4485299587
5013473188
-5248219713
-25764022734
367214159
-4778551712
-7211027232
-14440420943
-5967646197
17101417839
7977010308
-26308195431
24691120530
1760482294
-2490369226
-3454376120
-9266415576
-1246477932
339801032
-3315158818
12925034277
17022455613
13279499555
7021442492
-11727267120
-2951891941
-9848111287
7102226570
-6509739234
1738954034
-5407540735
-5775871451
6074134826
-2442749885
-8126125795
2854821039
-1113220453
2834347766
2237870635
-4983753149
-14481494593
-2885132223
3461305966
1007520664
2124040234
3246068030
-1490409444
603495218
-2538471285
-14371441187
-17298673432
2119888229
-16685995601
-1240106689
318803083
7583116544
4013427228
-2789243605
-5608528138
1726828383
-3879861997
7704295563
3831564237
4459776405
-13756772470
-10273557273
-817932380
-3855002586
-281964916
-5127806886
2898545023
-3768290021
7835687952
-18697592161
-17281570286
3596561403
6317698712
-6597745383
4548240964
23032356254
-1012688256
-1164577373
