17752
19505,18980,18528,18740,19730,19739,19591.0,19443,17987
18173,19033,18846,19731,19205,18833
19348,18635,18438,18322,19452,17004,19403,17271,18737,18096,17157,19226
17929,17451,17121,17753,19573,17975,17123,16922,18042,19914,17634,19480,17285,18562,17956
19663,18745,18783,19859
18003,18106,19953,19003
18294,18630,19911,19675,17071,18701,19022,17212
19040,19410,18698,17997,18944,19834,18875,17473,18212,17325,17289
18573,17857,19746,19147,17633,19518,17333,17366,19725,19437,18275,17288,18246
18110,17170,18872,18401
19659,17734,19352,18684,18299,19673,17291,18767,18145,19832,17408
19148,18092,18047,19873,18646,17915
19488,19356,17033,19180,17356,17868.5,18381,17246
19486,17834
18583,18386,18984,17698,19884,18822
18439,18050,18870,19336,17081,18556,19173
18722,18197,17162,19374,17430,17766
18039,19908,18483,18097,19287
19978,18371,19142,19273,17603,18038
18444,17739,19920,16934,18063,18381,19874,17596,16904,17892
17878,19721,17271
17796,17471,18485,18784,16989,18791,19801
17923,17834,18146,17878,18504,18804,19161,19339,19150,18267
17976,19040,17707,16909,17790,17932,19256,19396,17638.0,19690,16927,18993,17274
18289,19142,17992,19531,19518,19197,18472
17313,18857,17487,17244,19440,19928
18615,18289,19980,17270
17269
19362,18480,17276,18246,17636,16955,19603,18553,17541
18283,18119,17928,18062
19960,17263,19494,18164,18821,17918,17593,18730,19448,18335,17033,18750,19966,18680,19730,17383
19068,19528,18770,18961,18092,17557,17825
19158,19620,18743,18821,18754,17050,17390,17750,17096,18807
19447,18268,18181,17859,19755,17555,18997,19756,17020,18394,17067,19708,18644
19026,18144,18037,19091,18277,19873,18141,19863,18696
17727,17987,19134,19439,18507,18211,19314
19958,17337,19309,17872,19790,17257
17952,19074,19689,18497,17114,18057,19347,17088,19443,19089.5,18736,16968,19793,19560,17748,19986,17394
19784,17435,19473,19167,17446,19571,19681,17175
19840,19684,18383,17488.0,19076,17292,19542,19615,17237,17162,19988
17478,18161,19085
18357,18712,19886,17390.5,18621,19739,19053,18061,17536
19978,19923,19057,17314,17484,17280
19788,17863,19157,17293,18034,19790
19340,18943,18574,18186,19744,18988,18343,17867,18357
17519,18616
18311,18654,18882,19785,18270.5,17933,18628,19598
19333,18607,19911
19489,19883,18722,17803,18341,19093
19059,18686,18056,19547,19334,18841,18389
17870,17489,19399,18226,18790,17391,17867.5,18344,17936,18130
19575
17605,18566,19012,18868,19886
17896,19082,19147,19220
17256,18991,17511,17044,17883,19453,18489,19777,18048,17995,19785,17019,18090,17146,19372,17544
18166,19105,18002
19178,17079,17896,19758,17937
19281,18949,18374,17528,18065,17490,19111
19699,17992,17264
19356,18636,17533,19886
19531,17482,18408
18047,18050,18914,19118,19803,19049,17891,16949,19382,17329,17404
17151,18865,19755,16944,17265,18960,17329,17636,17883,18602,17516
19906,19709,18299,17643,19330,17540,18525,18717,18974.5,19232,19993,19897,17200,18187,17896
19899,18072,18003,18609,18345,19692,17401
19453,19639,18968,18319,17980
17238,19729,18000,18692,17742.5
17945,19368,19119
19367,18780,18480,19106
18676,17339,18928,19033,19175,18616,19785,17474,17365,18442,18205,18789,17566,19019,18674
17341,19331,19126,19990,18523,18650,17405,17713,17531,19985,19024,17438,17304,17684.0,18064,17743,17706
17486,16985,18474,19107,16937,19051,18720,18215
19160,19094,19590,17511,17372,17387
17870,19800,17482,17388
19172,17680,18665,17637,17633,17778,17032,17147,17490,17653
17239
19483,19115,19345,19827,18088,19780,18110
18988,17210,17887,17287
17306
18616,18505,19801,17525,18784,19216,18253,19377,17480,19275,19232,17735.5,19533,17405,19397,17926,18874,19449
19971,17613,18593,17410,18172,19716,17223,17624,19155,18611
18145,19195,18559,18118,18702,17593,18330
18670,19710,17170,17045
17490,17983.5,19473,16902,19428,18378,18789
17196,17541,17199,18308,18868,18558,18961
18261,18408,18543,18915,18197,19508,18790,18656,19951,18664
19828,18796,19001,19657,17396,19592,18386,16900,17399,17341,16966,17506,17961
19209,19935,17423,18789,19936,18916,19123
18609,18439,19204,19991,19196,19595,17771,18544
19773,17886,18465,19493,18053,17720,19074,19293
16965,18755,18920,18097,18338,17051,17944,17085,18234
17242,17708,16982,17174,18950,17746
18725,18823,19208,18377,17738,17474,17961
16900,17259,18950,17201,18061,18706
18748,17418,17490,19993,19727,19009,19495,17812,19992,17001,17937
19070,18314,18169,17841,17035,16990
19095,19130,17150,19624,19769,18223,17559,18343
16991,16941,19014,18918,18091,19696,17992,19732
